# Exercise
# Removing trends in variability via the logarithmic transformation
# The logarithmic function log() is a data transformation that can be applied to positively valued time series data. It slightly shrinks observations that are greater than one towards zero, while greatly shrinking very large observations. This property can stabilize variability when a series exhibits increasing variability over time. It may also be used to linearize a rapid growth pattern over time.
# 
# The time series rapid_growth has already been loaded, and is shown in the figure on the right. Note the vertical range of the data.
# 
# Instructions
# 100 XP
# Apply the log() function to rapid_growth, saving the result as linear_growth.
# Use ts.plot() to show the transformed series linear_growth and note the condensed vertical range of the transformed data.
rapid_growth <- c(505.954737316542,447.35560816695,542.583090477044,516.063361274983,506.959924087797,535.016232606015,496.929129437996,497.562555328502,577.248300530956,536.855967325257,541.245940412262,473.497840289097,550.988961460551,569.410637437069,522.915183368473,487.200195130919,594.610786395524,591.173975668723,615.986775394564,621.317545120693,607.125046916761,587.036701378981,554.155438462285,644.117241827027,509.700025728118,607.094339401359,603.55118553444,613.621586650076,544.914334775047,670.811820766561,687.13161588209,615.581708859918,711.187318608945,694.297903386338,681.929344495129,659.140256189321,642.702057830158,601.530062712521,666.762307473106,650.965683100529,606.091343627865,696.678827373702,641.602509472816,855.771919797152,667.329074652784,573.491390192462,791.733265065015,751.591446783947,610.794814080548,624.65033623201,833.298991700858,639.886724484288,736.828256803519,772.292341071224,686.886519321095,667.763083378498,712.94149525726,918.183828402689,656.108907724902,700.497201964217,683.493272462585,781.737968201983,715.684280499056,808.287549436184,820.779546770362,656.885589359776,733.339974340827,773.538730437607,641.202740082118,932.21185739678,680.676565427109,988.282815285029,664.898568280288,813.528318290545,883.408798971726,924.274924691176,969.43211824107,777.329346514109,880.998409919801,971.358289510766,902.958423571348,1020.74565895517,1075.14831710597,886.170748719307,889.632200892515,950.390776999556,878.039522146964,1043.76763270868,901.108966040025,1079.65840856798,933.905398508361,921.9433013918,870.807113616954,811.139766624589,1004.26766243592,1008.17582581146,1189.48933735193,751.970606760973,947.475252330288,886.515305193286,1074.89426408969,1101.1306720708,1130.1854576199,975.849507265787,948.161009999662,1177.8226568287,1227.12713297946,976.995711035094,836.708871866655,1323.60473389093,852.35320730904,1200.82615703738,1274.47884753083,1349.2613900482,1102.63337196778,1324.85659429696,1268.71865481688,1058.22892886463,1204.08723498947,1084.65028499166,1284.43050935569,1195.28425174124,1058.42621256846,1188.0576623439,1166.59336076,1064.69458969538,1429.06852442551,1070.85280871704,1539.33053352377,1467.15710870044,1127.70582024314,1296.0717171226,1555.27412822535,1332.90372372162,1315.4236396165,1189.2461691901,1482.43394167998,1240.92868932515,1237.77196935431,1468.60833835437,1328.54569942606,1589.50783787689,1373.16295850591,1503.55627838567,1659.93756371734,1704.6136574176,1550.46378217986,1625.80261162794,1873.85823632632,1370.62086282574,1439.71135339554,1447.43691659102,1579.91576345679,1681.2571135903,1661.60589978392,1311.84684158442,1326.03084218461,1323.09951189813,1550.48631755657,1606.20420490403,1768.54014627508,1509.8367966576,1592.10861892944,1627.61875806856,1544.63289803997,1439.52343145633,1682.35177380745,1850.70970808186,1673.38009271644,1832.42716167314,1672.26717594592,1781.57683020519,1659.28985001442,1970.03886201406,2044.7123676587,1929.09019953541,1891.7042228956,1487.15774065956,2013.8721752695,1796.78863307401,1977.01825843918,1516.95521151591,1650.6039164404,1523.28339404562,1696.6181065012,1627.26087609279,1787.29683278825,1567.28735420676,1881.99627254267,2318.98327490681,1941.98786180548,1820.27972976969,2154.81229145692,2261.54706560833,2052.22139601365,2079.17104479186,2010.06086639259,2145.26059886687,1775.30080127631,2013.40704947701)
  
ts.plot(rapid_growth)
# Log rapid_growth
linear_growth <-log(rapid_growth)

# Plot linear_growth using ts.plot()
ts.plot(linear_growth)


# Exercise
# Removing trends in level by differencing
# The first difference transformation of a time series  consists of the differences (changes) between successive observations over time, that is .
# 
# Differencing a time series can remove a time trend. The function diff() will calculate the first difference or change series. A difference series lets you examine the increments or changes in a given time series. It always has one fewer observations than the original series.
# 
# The time series z has already been loaded, and is shown in the figure on the right.
# 
# Instructions
# 100 XP
# Apply the diff() function to z, saving the result as dz.
# Use ts.plot() to view a time series plot of the transformed series dz.
# Use two calls of length() to calculate the number of observations in z and dz, respectively.


